0 0 0 194 0 194 33 0 33 0 0 0 91 0 91 288 0 288 
1 1 1 175 165 179 22 9 18 2 3 4 112 1 112 56 5 176
2 2 2 181 166 185 28 10 24 3 4 1 27 6 63 315 2 315
3 3 3 186 167 190 7 15 11 4 1 2 132 3 132 320 3 320
4 4 4 168 172 8 37 12 30 1 2 3 136 4 136 324 4 324
8 7 6 191 169 197 40 13 31 5 5 5 139 5 139 176 1 56
5 8 7 192 170 199 42 14 32 6 6 6 63 2 27 328 6 328
6 5 8 193 171 200 15 11 3 7 7 7 142 7 142 329 7 329
7 6 5 4 168 172 44 16 34 8 8 8 143 8 143 330 8 330
9 9 9 243 9 243 18 1 22 10 11 12 85 45 81 84 13 204 
10 10 10 258 10 258 24 2 28 11 12 9 14 50 46 371 10 371
11 11 11 268 11 268 3 7 15 12 9 10 96 47 88 376 11 376
12 12 12 222 16 38 30 4 37 9 10 11 100 48 89 380 12 380
16 15 14 277 13 277 31 5 40 13 13 13 103 49 90 204 9 84
13 16 15 279 14 279 32 6 42 14 14 14 50 46 10 384 14 384
14 13 16 280 15 280 11 3 7 15 15 15 106 51 92 385 15 385
15 14 13 38 12 222 34 8 44 16 16 16 107 52 93 386 16 386
17 17 17 230 201 234 17 17 17 24 30 19 21 57 53 111 26 231
18 18 18 235 202 239 1 22 9 25 18 25 117 54 109 116 31 236 
19 19 19 203 207 23 19 19 19 17 24 30 121 55 110 120 35 240
23 22 21 240 204 246 20 20 20 26 31 35 124 56 111 20 20 20
20 23 22 241 205 248 21 21 21 27 32 36 57 53 17 124 39 244
21 20 23 242 206 249 9 18 1 28 33 37 127 58 113 125 40 245
22 21 20 19 203 207 23 23 23 29 34 38 128 59 114 126 41 246
24 24 24 250 208 254 2 28 10 30 19 17 32 68 60 426 24 426
25 25 25 209 213 29 25 25 25 18 25 18 36 72 61 430 25 430
29 28 27 255 210 261 26 26 26 31 35 20 39 75 62 231 17 111 
26 29 28 256 211 263 27 27 27 32 36 21 6 63 2 434 27 434
27 26 29 257 212 264 10 24 2 33 37 22 42 78 64 435 28 435
28 27 26 25 209 213 29 29 29 34 38 23 43 79 65 436 29 436
30 30 30 214 218 34 4 37 12 19 17 24 146 66 130 440 30 440
34 33 32 265 215 271 5 40 13 35 20 26 149 67 131 236 18 116
31 34 33 266 216 273 6 42 14 36 21 27 68 60 24 444 32 444
32 31 34 267 217 274 0 33 0 37 22 28 152 69 133 445 33 445
33 32 31 30 214 218 8 44 16 38 23 29 153 70 134 446 34 446
38 37 36 219 225 41 35 35 35 20 26 31 155 71 135 240 19 120
35 38 37 220 227 43 36 36 36 21 27 32 72 61 25 450 36 450
36 35 38 221 228 44 12 30 4 22 28 33 158 73 137 451 37 451
37 36 35 12 222 16 38 38 38 23 29 34 159 74 138 452 38 452
41 44 42 275 223 282 39 39 39 39 39 39 75 62 26 244 21 124
43 40 43 276 224 283 13 31 5 40 40 40 161 76 140 245 22 125
44 42 39 35 219 225 41 41 41 41 41 41 162 77 141 246 23 126
39 41 44 278 226 284 14 32 6 42 42 42 78 64 28 456 42 456 
40 43 40 36 220 227 43 43 43 43 43 43 79 65 29 457 43 457
42 39 41 37 221 228 16 34 8 44 44 44 164 80 144 458 44 458
45 45 45 327 45 327 118 45 118 46 47 48 81 9 85 49 169 165
46 46 46 342 46 342 133 46 133 47 48 45 10 14 50 294 166 285
47 47 47 352 47 352 69 51 97 48 45 46 88 11 96 299 167 286
48 48 48 306 52 74 147 48 147 45 46 47 89 12 100 303 168 287
52 51 50 361 49 361 150 49 150 49 49 49 90 13 103 169 165 45
49 52 51 363 50 363 152 50 152 50 50 50 46 10 14 307 170 289
50 49 52 364 51 364 97 47 69 51 51 51 92 15 106 308 171 290
51 50 49 74 48 306 154 52 154 52 52 52 93 16 107 309 172 291
53 53 53 314 285 318 113 81 109 60 66 55 17 21 57 62 182 173
54 54 54 319 286 323 58 86 82 61 54 61 109 18 117 67 187 174
55 55 55 287 291 59 122 83 115 53 60 66 110 19 121 71 191 175
59 58 57 324 288 330 125 84 116 62 67 71 111 20 124 5 176 1
56 59 58 325 289 332 127 85 117 63 68 72 53 17 21 75 195 177
57 56 59 326 290 333 86 82 54 64 69 73 113 22 127 76 196 178
58 57 56 55 287 291 129 87 119 65 70 74 114 23 128 77 197 179
60 60 60 334 292 338 64 92 88 66 55 53 24 32 68 335 180 313
61 61 61 293 297 65 137 89 130 54 61 54 25 36 72 339 181 314
65 64 63 339 294 345 140 90 131 67 71 56 26 39 75 182 173 53 
62 65 64 340 295 347 142 91 132 68 72 57 2 27 6 343 183 316
63 62 65 341 296 348 92 88 60 69 73 58 28 42 78 344 184 317
64 63 62 61 293 297 144 93 134 70 74 59 29 43 79 345 185 318
66 66 66 298 302 70 73 101 94 55 53 60 130 30 146 349 186 319
70 69 68 349 299 355 76 104 95 71 56 62 131 31 149 187 174 54
67 70 69 350 300 357 78 106 96 72 57 63 60 24 32 353 188 321
68 67 70 351 301 358 51 97 47 73 58 64 133 33 152 354 189 322
69 68 67 66 298 302 80 108 98 74 59 65 134 34 153 355 190 323
74 73 72 303 309 77 156 99 145 56 62 67 135 35 155 191 175 55
71 74 73 304 311 79 158 100 146 57 63 68 61 25 36 359 192 325
72 71 74 305 312 80 101 94 66 58 64 69 137 37 158 360 193 326
73 72 71 48 306 52 160 102 148 59 65 70 138 38 159 361 194 327
77 80 78 359 307 366 161 103 149 75 75 75 62 26 39 195 177 57
79 76 79 360 308 367 104 95 67 76 76 76 140 40 161 196 178 58
80 78 75 71 303 309 163 105 151 77 77 77 141 41 162 197 179 59
75 77 80 362 310 368 106 96 68 78 78 78 64 28 42 365 198 331
76 79 76 72 304 311 164 107 153 79 79 79 65 29 43 366 199 332
78 75 77 73 305 312 108 98 70 80 80 80 144 44 164 367 200 333
81 81 81 433 81 433 109 53 113 88 94 83 9 85 45 90 210 201
82 82 82 443 82 443 54 58 86 89 82 89 82 82 82 95 215 202
83 83 83 383 87 123 115 55 122 81 88 94 83 83 83 99 219 203
87 86 85 452 84 452 116 56 125 90 95 99 84 84 84 13 204 9
84 87 86 454 85 454 117 57 127 91 96 100 45 81 9 103 223 205
85 84 87 455 86 455 82 54 58 92 97 101 86 86 86 104 224 206
86 85 84 123 83 383 119 59 129 93 98 102 87 87 87 105 225 207
88 88 88 463 88 463 60 64 92 94 83 81 11 96 47 391 208 369
89 89 89 398 93 138 130 61 137 82 89 82 12 100 48 395 209 370
93 92 91 472 90 472 131 62 140 95 99 84 13 103 49 210 201 81
90 93 92 474 91 474 132 63 142 96 100 85 0 91 0 399 211 372
91 90 93 475 92 475 88 60 64 97 101 86 15 106 51 400 212 373
92 91 90 138 89 398 134 65 144 98 102 87 16 107 52 401 213 374
94 94 94 408 98 148 66 73 101 83 81 88 94 94 94 405 214 375
98 97 96 482 95 482 67 76 104 99 84 90 95 95 95 215 202 82
95 98 97 484 96 484 68 78 106 100 85 91 47 88 11 409 216 377
96 95 98 485 97 485 47 69 51 101 86 92 97 97 97 410 217 378
97 96 95 148 94 408 70 80 108 102 87 93 98 98 98 411 218 379
102 101 100 417 105 157 145 71 156 84 90 95 99 99 99 219 203 83
99 102 101 419 107 159 146 72 158 85 91 96 48 89 12 415 220 381
100 99 102 420 108 160 94 66 73 86 92 97 101 101 101 416 221 382
101 100 99 102 102 102 148 74 160 87 93 98 102 102 102 417 222 383
105 108 106 491 103 491 149 75 161 103 103 103 49 90 13 223 205 85
107 104 107 492 104 492 95 67 76 104 104 104 104 104 104 224 206 86
108 106 103 157 99 417 151 77 163 105 105 105 105 105 105 225 207 87
103 105 108 493 106 493 96 68 78 106 106 106 51 92 15 421 226 387
104 107 104 159 100 419 153 79 164 107 107 107 52 93 16 422 227 388
106 103 105 160 101 420 98 70 80 108 108 108 108 108 108 423 228 389
109 109 109 425 369 429 53 113 81 130 115 110 18 117 54 131 251 229
110 110 110 370 374 114 110 110 110 109 130 115 19 121 55 135 255 230
114 113 112 430 371 436 111 111 111 131 145 120 20 124 56 26 231 17
111 114 113 431 372 438 112 112 112 132 146 121 1 112 1 139 259 232
112 111 114 432 373 439 81 109 53 133 147 122 22 127 58 140 260 233
113 112 111 110 370 374 114 114 114 134 148 123 23 128 59 141 261 234
115 115 115 375 379 119 55 122 83 110 109 130 115 115 115 145 265 235
119 118 117 440 376 446 56 125 84 135 116 135 116 116 116 31 236 18
116 119 118 441 377 448 57 127 85 136 117 136 54 109 18 149 269 237
117 116 119 442 378 449 45 118 45 137 118 137 118 118 118 150 270 238
118 117 116 115 375 379 59 129 87 138 119 138 119 119 119 151 271 239
123 122 121 380 386 126 120 120 120 111 131 145 120 120 120 35 240 19
120 123 122 381 388 128 121 121 121 112 132 146 55 110 19 155 275 241
121 120 123 382 389 129 83 115 55 113 133 147 122 122 122 156 276 242
122 121 120 83 383 87 123 123 123 114 134 148 123 123 123 157 277 243
126 129 127 450 384 457 124 124 124 139 149 155 56 111 20 39 244 21
128 125 128 451 385 458 84 116 56 140 150 156 125 125 125 40 245 22
129 127 124 120 380 386 126 126 126 141 151 157 126 126 126 41 246 23
124 126 129 453 387 459 85 117 57 142 152 158 58 113 22 161 281 247
125 128 125 121 381 388 128 128 128 143 153 159 59 114 23 162 282 248
127 124 126 122 382 389 87 119 59 144 154 160 129 129 129 163 283 249
130 130 130 390 394 134 61 137 89 115 110 109 30 146 66 460 250 425
134 133 132 460 391 466 62 140 90 145 120 111 31 149 67 251 229 109
131 134 133 461 392 468 63 142 91 146 121 112 3 132 3 464 252 427
132 131 134 462 393 469 46 133 46 147 122 113 33 152 69 465 253 428 
133 132 131 130 390 394 65 144 93 148 123 114 34 153 70 466 254 429
138 137 136 395 401 141 135 135 135 116 135 116 35 155 71 255 230 110
135 138 137 396 403 143 136 136 136 117 136 117 4 136 4 470 256 431
136 135 138 397 404 144 89 130 61 118 137 118 37 158 73 471 257 432
137 136 135 89 398 93 138 138 138 119 138 119 38 159 74 472 258 433
141 144 142 470 399 477 139 139 139 149 155 124 5 139 5 259 232 112
143 140 143 471 400 478 90 131 62 150 156 125 40 161 76 260 233 113
144 142 139 135 395 401 141 141 141 151 157 126 41 162 77 261 234 114
139 141 144 473 402 479 91 132 63 152 158 127 7 142 7 476 262 437
140 143 140 136 396 403 143 143 143 153 159 128 8 143 8 477 263 438
142 139 141 137 397 404 93 134 65 154 160 129 44 164 80 478 264 439
148 147 146 405 411 151 71 156 99 120 111 131 145 145 145 265 235 115
145 148 147 406 413 153 72 158 100 121 112 132 66 130 30 480 266 441
146 145 148 407 414 154 48 147 48 122 113 133 147 147 147 481 267 442
147 146 145 94 408 98 74 160 102 123 114 134 148 148 148 482 268 443
151 154 152 480 409 487 75 161 103 155 124 139 67 131 31 269 237 117
153 150 153 481 410 488 49 150 49 156 125 140 150 150 150 270 238 118
154 152 149 145 405 411 77 163 105 157 126 141 151 151 151 271 239 119
149 151 154 483 412 489 50 152 50 158 127 142 69 133 33 486 272 447
150 153 150 146 406 413 79 164 107 159 128 143 70 134 34 487 273 448
152 149 151 147 407 414 52 154 52 160 129 144 154 154 154 488 274 449
157 160 158 415 422 162 155 155 155 124 139 149 71 135 35 275 241 121
159 156 159 416 423 163 99 145 71 125 140 150 156 156 156 276 242 122
160 158 155 99 417 105 157 157 157 126 141 151 157 157 157 277 243 123
155 157 160 418 424 164 100 146 72 127 142 152 73 137 37 490 278 453
156 159 156 100 419 107 159 159 159 128 143 153 74 138 38 491 279 454
158 155 157 101 420 108 102 148 74 129 144 154 160 160 160 492 280 455
162 163 164 490 421 494 103 149 75 161 161 161 76 140 40 281 247 127
163 164 161 155 415 422 162 162 162 162 162 162 77 141 41 282 248 128
164 161 162 156 416 423 105 151 77 163 163 163 163 163 163 283 249 129
161 162 163 158 418 424 107 153 79 164 164 164 80 144 44 494 284 459
165 165 165 179 1 175 238 165 238 166 167 168 372 165 372 45 49 169
166 166 166 185 2 181 253 166 253 167 168 165 211 170 295 285 46 294
167 167 167 190 3 186 189 171 217 168 165 166 392 167 392 286 47 299 
168 168 168 172 8 4 267 168 267 165 166 167 396 168 396 287 48 303
172 171 170 197 5 191 270 169 270 169 169 169 399 169 399 165 45 49
169 172 171 199 6 192 272 170 272 170 170 170 295 166 211 289 50 307
170 169 172 200 7 193 217 167 189 171 171 171 402 171 402 290 51 308
171 170 169 8 4 168 274 172 274 172 172 172 403 172 403 291 52 309
173 173 173 173 173 173 233 201 229 180 186 175 232 177 316 53 62 182
174 174 174 174 174 174 178 206 202 181 174 181 427 174 427 54 67 187
175 175 175 165 179 1 242 203 235 173 180 186 431 175 431 55 71 191
179 178 177 176 176 176 245 204 236 182 187 191 434 176 434 1 56 5
176 179 178 177 177 177 247 205 237 183 188 192 316 173 232 57 75 195
177 176 179 178 178 178 206 202 174 184 189 193 437 178 437 58 76 196
178 177 176 1 175 165 249 207 239 185 190 194 438 179 438 59 77 197
180 180 180 180 180 180 184 212 208 186 175 173 252 188 336 313 60 335
181 181 181 166 185 2 257 209 250 174 181 174 256 192 340 314 61 339
185 184 183 182 182 182 260 210 251 187 191 176 259 195 343 173 53 62
182 185 184 183 183 183 262 211 252 188 192 177 183 183 183 316 63 343
183 182 185 184 184 184 212 208 180 189 193 178 262 198 346 317 64 344
184 183 182 2 181 166 264 213 254 190 194 179 263 199 347 318 65 345
186 186 186 167 190 3 193 221 214 175 173 180 461 186 461 319 66 349 
190 189 188 187 187 187 196 224 215 191 176 182 464 187 464 174 54 67
187 190 189 188 188 188 198 226 216 192 177 183 336 180 252 321 68 353
188 187 190 189 189 189 171 217 167 193 178 184 467 189 467 322 69 354
189 188 187 3 186 167 200 228 218 194 179 185 468 190 468 323 70 355
194 193 192 169 197 5 276 219 265 176 182 187 470 191 470 175 55 71
191 194 193 170 199 6 278 220 266 177 183 188 340 181 256 325 72 359
192 191 194 171 200 7 221 214 186 178 184 189 473 193 473 326 73 360
193 192 191 0 194 0 280 222 268 179 185 190 474 194 474 327 74 361
197 200 198 195 195 195 281 223 269 195 195 195 343 182 259 177 57 75
199 196 199 196 196 196 224 215 187 196 196 196 476 196 476 178 58 76
200 198 195 5 191 169 283 225 271 197 197 197 477 197 477 179 59 77
195 197 200 198 198 198 226 216 188 198 198 198 346 184 262 331 78 365
196 199 196 6 192 170 284 227 273 199 199 199 347 185 263 332 79 366
198 195 197 7 193 171 228 218 190 200 200 200 479 200 479 333 80 367
201 201 201 234 17 230 229 173 233 208 214 203 205 289 285 81 90 210
202 202 202 239 18 235 174 178 206 209 202 209 377 286 369 82 95 215
203 203 203 207 23 19 235 175 242 201 208 214 381 287 370 83 99 219
207 206 205 246 20 240 236 176 245 210 215 219 384 288 371 9 84 13
204 207 206 248 21 241 237 177 247 211 216 220 289 285 201 85 103 223
205 204 207 249 22 242 202 174 178 212 217 221 387 290 373 86 104 224
206 205 204 23 19 203 239 179 249 213 218 222 388 291 374 87 105 225
208 208 208 254 24 250 180 184 212 214 203 201 216 300 292 369 88 391
209 209 209 213 29 25 250 181 257 202 209 202 220 304 293 370 89 395
213 212 211 261 26 255 251 182 260 215 219 204 223 307 294 201 81 90
210 213 212 263 27 256 252 183 262 216 220 205 170 295 166 372 91 399
211 210 213 264 28 257 208 180 184 217 221 206 226 310 296 373 92 400
212 211 210 29 25 209 254 185 264 218 222 207 227 311 297 374 93 401
214 214 214 218 34 30 186 193 221 203 201 208 406 298 390 375 94 405
218 217 216 271 31 265 187 196 224 219 204 210 409 299 391 202 82 95
215 218 217 273 32 266 188 198 226 220 205 211 300 292 208 377 96 409
216 215 218 274 33 267 167 189 171 221 206 212 412 301 393 378 97 410
217 216 215 34 30 214 190 200 228 222 207 213 413 302 394 379 98 411
222 221 220 225 41 35 265 191 276 204 210 215 415 303 395 203 83 99
219 222 221 227 43 36 266 192 278 205 211 216 304 293 209 381 100 415
220 219 222 228 44 37 214 186 193 206 212 217 418 305 397 382 101 416
221 220 219 16 38 12 268 194 280 207 213 218 419 306 398 383 102 417 
225 228 226 282 39 275 269 195 281 223 223 223 307 294 210 205 85 103
227 224 227 283 40 276 215 187 196 224 224 224 421 308 400 206 86 104
228 226 223 41 35 219 271 197 283 225 225 225 422 309 401 207 87 105
223 225 228 284 42 278 216 188 198 226 226 226 310 296 212 387 106 421
224 227 224 43 36 220 273 199 284 227 227 227 311 297 213 388 107 422
226 223 225 44 37 221 218 190 200 228 228 228 424 312 404 389 108 423
229 229 229 229 229 229 173 233 201 250 235 230 237 321 313 109 131 251
230 230 230 201 234 17 230 230 230 229 250 235 241 325 314 110 135 255
234 233 232 231 231 231 231 231 231 251 265 240 244 328 315 17 111 26
231 234 233 232 232 232 232 232 232 252 266 241 177 316 173 112 139 259
232 231 234 233 233 233 201 229 173 253 267 242 247 331 317 113 140 260
233 232 231 17 230 201 234 234 234 254 268 243 248 332 318 114 141 261
235 235 235 202 239 18 175 242 203 230 229 250 441 319 425 115 145 265
239 238 237 236 236 236 176 245 204 255 236 255 444 320 426 18 116 31
236 239 238 237 237 237 177 247 205 256 237 256 321 313 229 117 149 269
237 236 239 238 238 238 165 238 165 257 238 257 447 322 428 118 150 270
238 237 236 18 235 202 179 249 207 258 239 258 448 323 429 119 151 271
243 242 241 204 246 20 240 240 240 231 251 265 450 324 430 19 120 35
240 243 242 205 248 21 241 241 241 232 252 266 325 314 230 121 155 275
241 240 243 206 249 22 203 235 175 233 253 267 453 326 432 122 156 276
242 241 240 9 243 9 243 243 243 234 254 268 454 327 433 123 157 277
246 249 247 244 244 244 244 244 244 259 269 275 328 315 231 21 124 39
248 245 248 245 245 245 204 236 176 260 270 276 456 329 435 22 125 40
249 247 244 20 240 204 246 246 246 261 271 277 457 330 436 23 126 41
244 246 249 247 247 247 205 237 177 262 272 278 331 317 233 127 161 281 
245 248 245 21 241 205 248 248 248 263 273 279 332 318 234 128 162 282
247 244 246 22 242 206 207 239 179 264 274 280 459 333 439 129 163 283
250 250 250 208 254 24 181 257 209 235 230 229 266 350 334 425 130 460
254 253 252 251 251 251 182 260 210 265 240 231 269 353 335 229 109 131
251 254 253 252 252 252 183 262 211 266 241 232 188 336 180 427 132 464
252 251 254 253 253 253 166 253 166 267 242 233 272 356 337 428 133 465
253 252 251 24 250 208 185 264 213 268 243 234 273 357 338 429 134 466
258 257 256 210 261 26 255 255 255 236 255 236 275 359 339 230 110 135
255 258 257 211 263 27 256 256 256 237 256 237 192 340 181 431 136 470
256 255 258 212 264 28 209 250 181 238 257 238 278 362 341 432 137 471
257 256 255 10 258 10 258 258 258 239 258 239 279 363 342 433 138 472
261 264 262 259 259 259 259 259 259 269 275 244 195 343 182 232 112 139
263 260 263 260 260 260 210 251 182 270 276 245 281 365 344 233 113 140
264 262 259 26 255 210 261 261 261 271 277 246 282 366 345 234 114 141
259 261 264 262 262 262 211 252 183 272 278 247 198 346 184 437 142 476
260 263 260 27 256 211 263 263 263 273 279 248 199 347 185 438 143 477
262 259 261 28 257 212 213 254 185 274 280 249 284 368 348 439 144 478
268 267 266 215 271 31 191 276 219 240 231 251 480 349 460 235 115 145
265 268 267 216 273 32 192 278 220 241 232 252 350 334 250 441 146 480
266 265 268 217 274 33 168 267 168 242 233 253 483 351 462 442 147 481
267 266 265 11 268 11 194 280 222 243 234 254 484 352 463 443 148 482
271 274 272 269 269 269 195 281 223 275 244 259 353 335 251 237 117 149
273 270 273 270 270 270 169 270 169 276 245 260 486 354 465 238 118 150
274 272 269 31 265 215 197 283 225 277 246 261 487 355 466 239 119 151
269 271 274 272 272 272 170 272 170 278 247 262 356 337 253 447 152 486
270 273 270 32 266 216 199 284 227 279 248 263 357 338 254 448 153 487
272 269 271 33 267 217 172 274 172 280 249 264 489 358 469 449 154 488
277 280 278 223 282 39 275 275 275 244 259 269 359 339 255 241 121 155
279 276 279 224 283 40 219 265 191 245 260 270 490 360 471 242 122 156
280 278 275 13 277 13 277 277 277 246 261 271 491 361 472 243 123 157
275 277 280 226 284 42 220 266 192 247 262 272 362 341 257 453 158 490
276 279 276 14 279 14 279 279 279 248 263 273 363 342 258 454 159 491
278 275 277 15 280 15 222 268 194 249 264 274 493 364 475 455 160 492
282 283 284 281 281 281 223 269 195 281 281 281 365 344 260 247 127 161
283 284 281 39 275 223 282 282 282 282 282 282 366 345 261 248 128 162
284 281 282 40 276 224 225 271 197 283 283 283 494 367 478 249 129 163
281 282 283 42 278 226 227 273 199 284 284 284 368 348 264 459 164 494
285 285 285 318 53 314 428 285 428 292 298 287 201 205 289 46 294 166
286 286 286 323 54 319 322 290 378 293 286 293 369 202 377 47 299 167
287 287 287 291 59 55 442 287 442 285 292 298 370 203 381 48 303 168
291 290 289 330 56 324 445 288 445 294 299 303 371 204 384 0 288 0
288 291 290 332 57 325 447 289 447 295 300 304 285 201 205 50 307 170 
289 288 291 333 58 326 378 286 322 296 301 305 373 206 387 51 308 171
290 289 288 59 55 287 449 291 449 297 302 306 374 207 388 52 309 172
292 292 292 338 60 334 337 296 393 298 287 285 208 216 300 292 292 292
293 293 293 297 65 61 462 293 462 286 293 286 209 220 304 293 293 293
297 296 295 345 62 339 465 294 465 299 303 288 210 223 307 166 285 46
294 297 296 347 63 340 467 295 467 300 304 289 166 211 170 295 295 295
295 294 297 348 64 341 393 292 337 301 305 290 212 226 310 296 296 296
296 295 294 65 61 293 469 297 469 302 306 291 213 227 311 297 297 297
298 298 298 302 70 66 351 305 407 287 285 292 390 214 406 298 298 298
302 301 300 355 67 349 354 308 410 303 288 294 391 215 409 167 286 47
299 302 301 357 68 350 356 310 412 304 289 295 292 208 216 300 300 300
300 299 302 358 69 351 301 301 301 305 290 296 393 217 412 301 301 301
301 300 299 70 66 298 358 312 414 306 291 297 394 218 413 302 302 302
306 305 304 309 77 71 481 303 481 288 294 299 395 219 415 168 287 48
303 306 305 311 79 72 483 304 483 289 295 300 293 209 220 304 304 304
304 303 306 312 80 73 407 298 351 290 296 301 397 221 418 305 305 305
305 304 303 52 74 48 485 306 485 291 297 302 398 222 419 306 306 306
309 312 310 366 75 359 486 307 486 307 307 307 294 210 223 170 289 50
311 308 311 367 76 360 410 299 354 308 308 308 400 224 421 171 290 51
312 310 307 77 71 303 488 309 488 309 309 309 401 225 422 172 291 52
307 309 312 368 78 362 412 300 356 310 310 310 296 212 226 310 310 310
308 311 308 79 72 304 489 311 489 311 311 311 297 213 227 311 311 311
310 307 309 80 73 305 414 302 358 312 312 312 404 228 424 312 312 312
313 313 313 313 313 313 317 373 369 334 319 314 229 237 321 60 335 180
314 314 314 285 318 53 432 370 425 313 334 319 230 241 325 61 339 181
318 317 316 315 315 315 435 371 426 335 349 324 231 244 328 2 315 2
315 318 317 316 316 316 437 372 427 336 350 325 173 232 177 63 343 183
316 315 318 317 317 317 373 369 313 337 351 326 233 247 331 64 344 184
317 316 315 53 314 285 439 374 429 338 352 327 234 248 332 65 345 185
319 319 319 286 323 54 326 382 375 314 313 334 425 235 441 66 349 186
323 322 321 320 320 320 329 385 376 339 320 339 426 236 444 3 320 3
320 323 322 321 321 321 331 387 377 340 321 340 313 229 237 68 353 188
321 320 323 322 322 322 290 378 286 341 322 341 428 238 447 69 354 189
322 321 320 54 319 286 333 389 379 342 323 342 429 239 448 70 355 190
327 326 325 288 330 56 451 380 440 315 335 349 430 240 450 4 324 4
324 327 326 289 332 57 453 381 441 316 336 350 314 230 241 72 359 192
325 324 327 290 333 58 382 375 319 317 337 351 432 242 453 73 360 193
326 325 324 45 327 45 455 383 443 318 338 352 433 243 454 74 361 194
330 333 331 328 328 328 456 384 444 343 353 359 315 231 244 6 328 6
332 329 332 329 329 329 385 376 320 344 354 360 435 245 456 7 329 7
333 331 328 56 324 288 458 386 446 345 355 361 436 246 457 8 330 8
328 330 333 331 331 331 387 377 321 346 356 362 317 233 247 78 365 198
329 332 329 57 325 289 459 388 448 347 357 363 318 234 248 79 366 199
331 328 330 58 326 290 389 379 323 348 358 364 439 249 459 80 367 200 
334 334 334 292 338 60 341 397 390 319 314 313 250 266 350 334 334 334
338 337 336 335 335 335 344 400 391 349 324 315 251 269 353 180 313 60
335 338 337 336 336 336 346 402 392 350 325 316 180 252 188 336 336 336
336 335 338 337 337 337 296 393 292 351 326 317 253 272 356 337 337 337
337 336 335 60 334 292 348 404 394 352 327 318 254 273 357 338 338 338
342 341 340 294 345 62 471 395 460 320 339 320 255 275 359 181 314 61
339 342 341 295 347 63 473 396 461 321 340 321 181 256 192 340 340 340
340 339 342 296 348 64 397 390 334 322 341 322 257 278 362 341 341 341
341 340 339 46 342 46 475 398 463 323 342 323 258 279 363 342 342 342
345 348 346 343 343 343 476 399 464 353 359 328 182 259 195 183 316 63
347 344 347 344 344 344 400 391 335 354 360 329 260 281 365 184 317 64
348 346 343 62 339 294 478 401 466 355 361 330 261 282 366 185 318 65
343 345 348 346 346 346 402 392 336 356 362 331 184 262 198 346 346 346
344 347 344 63 340 295 479 403 468 357 363 332 185 263 199 347 347 347
346 343 345 64 341 296 404 394 338 358 364 333 264 284 368 348 348 348
352 351 350 299 355 67 360 416 405 324 315 335 460 265 480 186 319 66
349 352 351 300 357 68 362 418 406 325 316 336 334 250 266 350 350 350
350 349 352 301 358 69 305 407 298 326 317 337 462 267 483 351 351 351
351 350 349 47 352 47 364 420 408 327 318 338 463 268 484 352 352 352
355 358 356 353 353 353 365 421 409 359 328 343 335 251 269 188 321 68
357 354 357 354 354 354 308 410 299 360 329 344 465 270 486 189 322 69
358 356 353 67 349 299 367 423 411 361 330 345 466 271 487 190 323 70
353 355 358 356 356 356 310 412 300 362 331 346 337 253 272 356 356 356
354 357 354 68 350 300 368 424 413 363 332 347 338 254 273 357 357 357
356 353 355 69 351 301 312 414 302 364 333 348 469 274 489 358 358 358
361 364 362 307 366 75 490 415 480 328 343 353 339 255 275 192 325 72
363 360 363 308 367 76 416 405 349 329 344 354 471 276 490 193 326 73
364 362 359 49 361 49 492 417 482 330 345 355 472 277 491 194 327 74
359 361 364 310 368 78 418 406 350 331 346 356 341 257 278 362 362 362
360 363 360 50 363 50 493 419 484 332 347 357 342 258 279 363 363 363
362 359 361 51 364 51 420 408 352 333 348 358 475 280 493 364 364 364
366 367 368 365 365 365 421 409 353 365 365 365 344 260 281 198 331 78
367 368 365 75 359 307 494 422 487 366 366 366 345 261 282 199 332 79
368 365 366 76 360 308 423 411 355 367 367 367 478 283 494 200 333 80
365 366 367 78 362 310 424 413 357 368 368 368 348 264 284 368 368 368
369 369 369 429 109 425 313 317 373 390 375 370 202 377 286 88 391 208
370 370 370 374 114 110 425 314 432 369 390 375 203 381 287 89 395 209
374 373 372 436 111 430 426 315 435 391 405 380 204 384 288 10 371 10
371 374 373 438 112 431 427 316 437 392 406 381 165 372 165 91 399 211
372 371 374 439 113 432 369 313 317 393 407 382 206 387 290 92 400 212
373 372 371 114 110 370 429 318 439 394 408 383 207 388 291 93 401 213
375 375 375 379 119 115 319 326 382 370 369 390 375 375 375 94 405 214
379 378 377 446 116 440 320 329 385 395 376 395 376 376 376 11 376 11
376 379 378 448 117 441 321 331 387 396 377 396 286 369 202 96 409 216
377 376 379 449 118 442 286 322 290 397 378 397 378 378 378 97 410 217
378 377 376 119 115 375 323 333 389 398 379 398 379 379 379 98 411 218
383 382 381 386 126 120 440 324 451 371 391 405 380 380 380 12 380 12
380 383 382 388 128 121 441 325 453 372 392 406 287 370 203 100 415 220
381 380 383 389 129 122 375 319 326 373 393 407 382 382 382 101 416 221
382 381 380 87 123 83 443 327 455 374 394 408 383 383 383 102 417 222
386 389 387 457 124 450 444 328 456 399 409 415 288 371 204 14 384 14
388 385 388 458 125 451 376 320 329 400 410 416 385 385 385 15 385 15
389 387 384 126 120 380 446 330 458 401 411 417 386 386 386 16 386 16
384 386 389 459 127 453 377 321 331 402 412 418 290 373 206 106 421 226
385 388 385 128 121 381 448 332 459 403 413 419 291 374 207 107 422 227
387 384 386 129 122 382 379 323 333 404 414 420 389 389 389 108 423 228
390 390 390 394 134 130 334 341 397 375 370 369 214 406 298 390 390 390
394 393 392 466 131 460 335 344 400 405 380 371 215 409 299 208 369 88
391 394 393 468 132 461 336 346 402 406 381 372 167 392 167 392 392 392
392 391 394 469 133 462 292 337 296 407 382 373 217 412 301 393 393 393
393 392 391 134 130 390 338 348 404 408 383 374 218 413 302 394 394 394
398 397 396 401 141 135 460 339 471 376 395 376 219 415 303 209 370 89
395 398 397 403 143 136 461 340 473 377 396 377 168 396 168 396 396 396
396 395 398 404 144 137 390 334 341 378 397 378 221 418 305 397 397 397
397 396 395 93 138 89 463 342 475 379 398 379 222 419 306 398 398 398
401 404 402 477 139 470 464 343 476 409 415 384 169 399 169 211 372 91
403 400 403 478 140 471 391 335 344 410 416 385 224 421 308 212 373 92
404 402 399 141 135 395 466 345 478 411 417 386 225 422 309 213 374 93
399 401 404 479 142 473 392 336 346 412 418 387 171 402 171 402 402 402
400 403 400 143 136 396 468 347 479 413 419 388 172 403 172 403 403 403
402 399 401 144 137 397 394 338 348 414 420 389 228 424 312 404 404 404
408 407 406 411 151 145 349 360 416 380 371 391 405 405 405 214 375 94
405 408 407 413 153 146 350 362 418 381 372 392 298 390 214 406 406 406
406 405 408 414 154 147 298 351 305 382 373 393 407 407 407 407 407 407
407 406 405 98 148 94 352 364 420 383 374 394 408 408 408 408 408 408
411 414 412 487 149 480 353 365 421 415 384 399 299 391 215 216 377 96
413 410 413 488 150 481 299 354 308 416 385 400 410 410 410 217 378 97
414 412 409 151 145 405 355 367 423 417 386 401 411 411 411 218 379 98
409 411 414 489 152 483 300 356 310 418 387 402 301 393 217 412 412 412
410 413 410 153 146 406 357 368 424 419 388 403 302 394 218 413 413 413
412 409 411 154 147 407 302 358 312 420 389 404 414 414 414 414 414 414
417 420 418 422 162 155 480 359 490 384 399 409 303 395 219 220 381 100
419 416 419 423 163 156 405 349 360 385 400 410 416 416 416 221 382 101
420 418 415 105 157 99 482 361 492 386 401 411 417 417 417 222 383 102
415 417 420 424 164 158 406 350 362 387 402 412 305 397 221 418 418 418
416 419 416 107 159 100 484 363 493 388 403 413 306 398 222 419 419 419
418 415 417 108 160 101 408 352 364 389 404 414 420 420 420 420 420 420
422 423 424 494 161 490 409 353 365 421 421 421 308 400 224 226 387 106
423 424 421 162 155 415 487 366 494 422 422 422 309 401 225 227 388 107
424 421 422 163 156 416 411 355 367 423 423 423 423 423 423 228 389 108
421 422 423 164 158 418 413 357 368 424 424 424 312 404 228 424 424 424
425 425 425 369 429 109 314 432 370 425 425 425 235 441 319 130 460 250
429 428 427 426 426 426 315 435 371 460 440 430 236 444 320 24 426 24
426 429 428 427 427 427 316 437 372 461 441 431 174 427 174 132 464 252
427 426 429 428 428 428 285 428 285 462 442 432 238 447 322 133 465 253
428 427 426 109 425 369 318 439 374 463 443 433 239 448 323 134 466 254
433 432 431 371 436 111 430 430 430 426 460 440 240 450 324 25 430 25 
430 433 432 372 438 112 431 431 431 427 461 441 175 431 175 136 470 256
431 430 433 373 439 113 370 425 314 428 462 442 242 453 326 137 471 257
432 431 430 81 433 81 433 433 433 429 463 443 243 454 327 138 472 258
436 439 437 434 434 434 434 434 434 464 480 450 176 434 176 27 434 27
438 435 438 435 435 435 371 426 315 465 481 451 245 456 329 28 435 28
439 437 434 111 430 371 436 436 436 466 482 452 246 457 330 29 436 29
434 436 439 437 437 437 372 427 316 467 483 453 178 437 178 142 476 262
435 438 435 112 431 372 438 438 438 468 484 454 179 438 179 143 477 263
437 434 436 113 432 373 374 429 318 469 485 455 249 459 333 144 478 264
443 442 441 376 446 116 324 451 380 430 426 460 440 440 440 30 440 30
440 443 442 377 448 117 325 453 381 431 427 461 319 425 235 146 480 266
441 440 443 378 449 118 287 442 287 432 428 462 442 442 442 147 481 267
442 441 440 82 443 82 327 455 383 433 429 463 443 443 443 148 482 268
446 449 447 444 444 444 328 456 384 470 444 470 320 426 236 32 444 32
448 445 448 445 445 445 288 445 288 471 445 471 445 445 445 33 445 33
449 447 444 116 440 376 330 458 386 472 446 472 446 446 446 34 446 34
444 446 449 447 447 447 289 447 289 473 447 473 322 428 238 152 486 272
445 448 445 117 441 377 332 459 388 474 448 474 323 429 239 153 487 273
447 444 446 118 442 378 291 449 291 475 449 475 449 449 449 154 488 274
452 455 453 384 457 124 450 450 450 434 464 480 324 430 240 36 450 36
454 451 454 385 458 125 380 440 324 435 465 481 451 451 451 37 451 37
455 453 450 84 452 84 452 452 452 436 466 482 452 452 452 38 452 38
450 452 455 387 459 127 381 441 325 437 467 483 326 432 242 158 490 278
451 454 451 85 454 85 454 454 454 438 468 484 327 433 243 159 491 279
453 450 452 86 455 86 383 443 327 439 469 485 455 455 455 160 492 280
457 458 459 456 456 456 384 444 328 476 486 490 329 435 245 42 456 42
458 459 456 124 450 384 457 457 457 477 487 491 330 436 246 43 457 43
459 456 457 125 451 385 386 446 330 478 488 492 458 458 458 44 458 44
456 457 458 127 453 387 388 448 332 479 489 493 333 439 249 164 494 284
463 462 461 391 466 131 339 471 395 440 430 426 265 480 349 250 425 130
460 463 462 392 468 132 340 473 396 441 431 427 186 461 186 461 461 461
461 460 463 393 469 133 293 462 293 442 432 428 267 483 351 462 462 462
462 461 460 88 463 88 342 475 398 443 433 429 268 484 352 463 463 463
466 469 467 464 464 464 343 476 399 480 450 434 187 464 187 252 427 132
468 465 468 465 465 465 294 465 294 481 451 435 270 486 354 253 428 133
469 467 464 131 460 391 345 478 401 482 452 436 271 487 355 254 429 134
464 466 469 467 467 467 295 467 295 483 453 437 189 467 189 467 467 467
465 468 465 132 461 392 347 479 403 484 454 438 190 468 190 468 468 468
467 464 466 133 462 393 297 469 297 485 455 439 274 489 358 469 469 469
472 475 473 399 477 139 470 470 470 444 470 444 191 470 191 256 431 136
474 471 474 400 478 140 395 460 339 445 471 445 276 490 360 257 432 137
475 473 470 90 472 90 472 472 472 446 472 446 277 491 361 258 433 138
470 472 475 402 479 142 396 461 340 447 473 447 193 473 193 473 473 473
471 474 471 91 474 91 474 474 474 448 474 448 194 474 194 474 474 474
473 470 472 92 475 92 398 463 342 449 475 449 280 493 364 475 475 475
477 478 479 476 476 476 399 464 343 486 490 456 196 476 196 262 437 142
478 479 476 139 470 399 477 477 477 487 491 457 197 477 197 263 438 143
479 476 477 140 471 400 401 466 345 488 492 458 283 494 367 264 439 144
476 477 478 142 473 402 403 468 347 489 493 459 200 479 200 479 479 479
482 485 483 409 487 149 359 490 415 450 434 464 349 460 265 266 441 146
484 481 484 410 488 150 303 481 303 451 435 465 481 481 481 267 442 147
485 483 480 95 482 95 361 492 417 452 436 466 482 482 482 268 443 148
480 482 485 412 489 152 304 483 304 453 437 467 351 462 267 483 483 483
481 484 481 96 484 96 363 493 419 454 438 468 352 463 268 484 484 484
483 480 482 97 485 97 306 485 306 455 439 469 485 485 485 485 485 485
487 488 489 486 486 486 307 486 307 490 456 476 354 465 270 272 447 152 
488 489 486 149 480 409 366 494 422 491 457 477 355 466 271 273 448 153
489 486 487 150 481 410 309 488 309 492 458 478 488 488 488 274 449 154
486 487 488 152 483 412 311 489 311 493 459 479 358 469 274 489 489 489
491 492 493 421 494 161 415 480 359 456 476 486 360 471 276 278 453 158
492 493 490 103 491 103 491 491 491 457 477 487 361 472 277 279 454 159
493 490 491 104 492 104 417 482 361 458 478 488 492 492 492 280 455 160
490 491 492 106 493 106 419 484 363 459 479 489 364 475 280 493 493 493
494 494 494 161 490 421 422 487 366 494 494 494 367 478 283 284 459 164